1.394514000000000067e+02
1.393680999999999983e+02
1.394545999999999992e+02
1.395728000000000009e+02
1.396975999999999942e+02
1.396201000000000079e+02
1.394989999999999952e+02
1.392263000000000090e+02
1.385591000000000008e+02
1.374047999999999945e+02
1.358592999999999904e+02
1.346291999999999973e+02
1.339873000000000047e+02
1.337840999999999951e+02
1.340603000000000122e+02
1.344822000000000060e+02
1.349188000000000045e+02
1.357495999999999867e+02
1.364709000000000003e+02
1.375247999999999990e+02
1.382076000000000136e+02
1.388984000000000094e+02
1.397626999999999953e+02
1.408463000000000136e+02
1.418820000000000050e+02
1.425315999999999974e+02
1.424327999999999861e+02
1.419673999999999978e+02
1.409416999999999973e+02
1.396394999999999982e+02
1.381065999999999860e+02
1.366848999999999990e+02
1.352640000000000100e+02
1.337523999999999944e+02
1.323658000000000072e+02
1.316406000000000063e+02
1.312960999999999956e+02
1.309879999999999995e+02
1.311052999999999997e+02
1.316066999999999894e+02
1.325233000000000061e+02
1.328789999999999907e+02
1.332512999999999863e+02
1.341629000000000076e+02
1.355912999999999897e+02
1.375127999999999986e+02
1.394739999999999895e+02
1.410276000000000067e+02
1.421303000000000054e+02
1.423721999999999923e+02
1.420322999999999922e+02
1.412262000000000057e+02
1.402642999999999915e+02
1.389106999999999914e+02
1.375137000000000000e+02
1.360994000000000028e+02
1.347703999999999951e+02
1.339638999999999953e+02
1.335211999999999932e+02
1.334316000000000031e+02
1.331414000000000044e+02
1.329362999999999886e+02
1.328694000000000131e+02
1.332883999999999958e+02
1.344145000000000039e+02
1.356605999999999881e+02
1.373492999999999995e+02
1.388289000000000044e+02
1.398168000000000006e+02
1.401467000000000098e+02
1.399293000000000120e+02
1.395983999999999980e+02
1.390723999999999876e+02
1.386525000000000034e+02
1.383668999999999869e+02
1.380355000000000132e+02
1.381939000000000135e+02
1.385853999999999928e+02
1.392839999999999918e+02
1.398995999999999924e+02
1.405109999999999957e+02
1.404012999999999920e+02
1.397787999999999897e+02
1.385109999999999957e+02
1.368215999999999894e+02
1.359626000000000090e+02
1.355576000000000079e+02
1.356850000000000023e+02
1.358250999999999920e+02
1.363740999999999985e+02
1.370366999999999962e+02
1.376991999999999905e+02
1.383462000000000103e+02
1.384250000000000114e+02
1.381736999999999966e+02
1.376357000000000141e+02
1.370886000000000138e+02
1.364300000000000068e+02
1.353663999999999987e+02
1.341522999999999968e+02
1.332855999999999881e+02
1.322579999999999814e+02
1.308357000000000028e+02
1.285302000000000078e+02
1.274224999999999994e+02
1.276009999999999991e+02
1.288316000000000088e+02
1.297998000000000047e+02
1.298934000000000140e+02
1.294907000000000039e+02
1.286879000000000133e+02
1.276116999999999990e+02
1.263772000000000020e+02
1.256213999999999942e+02
1.256628999999999934e+02
1.263178000000000054e+02
1.267104000000000070e+02
1.264855000000000018e+02
1.261937999999999960e+02
1.257158000000000015e+02
1.254844999999999970e+02
1.250518000000000001e+02
1.247643999999999949e+02
1.250682000000000045e+02
1.261559000000000026e+02
1.268499000000000052e+02
1.271282999999999959e+02
1.269997999999999934e+02
1.267439999999999998e+02
1.263088999999999942e+02
1.254872000000000014e+02
1.246645000000000039e+02
1.242634000000000043e+02
1.243815000000000026e+02
1.245142000000000024e+02
1.249536999999999978e+02
1.253710000000000093e+02
1.259622999999999990e+02
1.268332000000000050e+02
1.279124000000000052e+02
1.285103000000000009e+02
1.285372000000000128e+02
1.280121000000000038e+02
1.273652000000000015e+02
1.268633999999999986e+02
1.264523999999999972e+02
1.258966999999999956e+02
1.254064999999999941e+02
1.250288000000000039e+02
1.247627999999999986e+02
1.246584000000000003e+02
1.245139999999999958e+02
1.247471000000000032e+02
1.252549999999999955e+02
1.258031000000000006e+02
1.262828999999999979e+02
1.265125000000000028e+02
1.262061000000000064e+02
1.252147999999999968e+02
1.235076999999999998e+02
1.218825999999999965e+02
1.202904999999999944e+02
1.190212999999999965e+02
1.181475999999999971e+02
1.181447000000000003e+02
1.187146999999999935e+02
1.196205000000000069e+02
1.208537000000000035e+02
1.218149999999999977e+02
1.224942000000000064e+02
1.230865000000000009e+02
1.238887000000000000e+02
1.247837999999999994e+02
1.254322999999999979e+02
1.256371000000000038e+02
1.255129000000000019e+02
1.253020999999999958e+02
1.253046999999999969e+02
1.257279000000000053e+02
1.263046999999999969e+02
1.267646000000000015e+02
1.271021999999999963e+02
1.268396000000000043e+02
1.261628000000000043e+02
1.252489999999999952e+02
1.247917000000000058e+02
1.253469000000000051e+02
1.261701999999999941e+02
1.269677999999999969e+02
1.277724999999999937e+02
1.287133000000000038e+02
1.294981999999999971e+02
1.301230999999999938e+02
1.301841000000000008e+02
1.297598000000000127e+02
1.287741000000000042e+02
1.275722999999999985e+02
1.261935000000000002e+02
1.247052000000000049e+02
1.238700000000000045e+02
1.236975000000000051e+02
1.238053000000000026e+02
1.239505999999999943e+02
1.239081000000000046e+02
1.239543000000000035e+02
1.239245999999999981e+02
1.232921000000000049e+02
1.221525000000000034e+02
1.203615000000000066e+02
1.192423000000000002e+02
1.185498000000000047e+02
1.180207999999999942e+02
1.171274999999999977e+02
1.166530999999999949e+02
1.165165999999999968e+02
1.169723999999999933e+02
1.171319000000000017e+02
1.169488999999999947e+02
1.165786999999999978e+02
1.164205000000000041e+02
1.164538000000000011e+02
1.166214999999999975e+02
1.166520000000000010e+02
1.163144999999999953e+02
1.160815000000000055e+02
1.157005000000000052e+02
1.154720000000000084e+02
1.149020000000000010e+02
1.145087999999999937e+02
1.145709999999999980e+02
1.149295000000000044e+02
1.154926999999999992e+02
1.162473999999999990e+02
1.174131000000000000e+02
1.185306999999999960e+02
1.195026000000000010e+02
1.198425000000000011e+02
1.195297999999999945e+02
1.187507999999999981e+02
1.177223999999999933e+02
1.166217999999999932e+02
1.155981000000000023e+02
1.145488000000000000e+02
1.142407999999999930e+02
1.144428999999999945e+02
1.149123000000000019e+02
1.156607999999999947e+02
1.160948000000000064e+02
1.163735999999999962e+02
1.163973000000000013e+02
1.161821000000000055e+02
1.156676999999999964e+02
1.150126999999999953e+02
1.142373000000000047e+02
1.135592000000000041e+02
1.130636999999999972e+02
1.128370000000000033e+02
1.132907000000000011e+02
1.144329000000000036e+02
1.160999000000000052e+02
1.175591000000000008e+02
1.192648999999999972e+02
1.190481999999999942e+02
1.178546000000000049e+02
1.159204000000000008e+02
1.138894999999999982e+02
1.122107000000000028e+02
1.107279000000000053e+02
1.098422999999999945e+02
1.095277999999999992e+02
1.095584999999999951e+02
1.096189999999999998e+02
1.096677999999999997e+02
1.096157999999999930e+02
1.092990999999999957e+02
1.086962999999999937e+02
1.081299000000000063e+02
1.081490000000000009e+02
1.087070999999999970e+02
1.097569000000000017e+02
1.115575999999999937e+02
1.132039999999999935e+02
1.149756000000000000e+02
1.162670999999999992e+02
1.172074000000000069e+02
1.177916000000000025e+02
1.177776999999999958e+02
1.172934999999999945e+02
1.160538999999999987e+02
1.141902999999999935e+02
1.123267000000000024e+02
1.117704999999999984e+02
1.123516999999999939e+02
1.136988999999999947e+02
1.152061999999999955e+02
1.166488999999999976e+02
1.179437999999999960e+02
1.181463999999999999e+02
1.174222000000000037e+02
1.162295000000000016e+02
1.143979999999999961e+02
1.128533000000000044e+02
1.119829999999999899e+02
1.121084000000000032e+02
1.129017000000000053e+02
1.142535000000000025e+02
1.154677999999999969e+02
1.170117000000000047e+02
1.189686999999999983e+02
1.211963999999999970e+02
1.225022000000000020e+02
1.232817000000000007e+02
1.237574000000000041e+02
1.238418999999999954e+02
1.234826999999999941e+02
1.229301999999999992e+02
1.226496999999999957e+02
1.228657000000000039e+02
1.231008999999999958e+02
1.233220000000000027e+02
1.230651000000000010e+02
1.227853999999999957e+02
1.224017999999999944e+02
1.220087000000000046e+02
1.213700000000000045e+02
1.208114000000000061e+02
1.202175000000000011e+02
1.198348000000000013e+02
1.190677000000000021e+02
1.178692000000000064e+02
1.165395999999999930e+02
1.153670000000000044e+02
1.153303999999999974e+02
1.162001000000000062e+02
1.174873000000000047e+02
1.189103999999999957e+02
1.200929000000000002e+02
1.213213999999999970e+02
1.220824999999999960e+02
1.225538999999999987e+02
1.229712999999999994e+02
1.233807000000000045e+02
1.236308999999999969e+02
1.232052000000000049e+02
1.223212000000000046e+02
1.215502000000000038e+02
1.207818000000000040e+02
1.198687000000000040e+02
1.187925999999999931e+02
1.174972999999999956e+02
1.162237999999999971e+02
1.155627000000000066e+02
1.157447999999999979e+02
1.166270000000000095e+02
1.177120000000000033e+02
1.189423000000000030e+02
1.202129999999999939e+02
1.213563999999999936e+02
1.215776999999999930e+02
1.206726000000000028e+02
1.189769000000000005e+02
1.174642000000000053e+02
1.164281000000000006e+02
1.167877000000000010e+02
1.176707999999999998e+02
1.193453999999999979e+02
1.208653000000000048e+02
1.225421000000000049e+02
1.221552999999999969e+02
1.205403000000000020e+02
1.177256000000000000e+02
1.157835000000000036e+02
1.142973000000000070e+02
1.132493999999999943e+02
1.123511000000000024e+02
1.123068999999999988e+02
1.130682999999999936e+02
1.143639999999999901e+02
1.158803000000000054e+02
1.175417000000000058e+02
1.185775000000000006e+02
1.192974999999999994e+02
1.197091999999999956e+02
1.198729999999999905e+02
1.195636999999999972e+02
1.190558000000000050e+02
1.184487000000000023e+02
1.173953000000000060e+02
1.161270000000000095e+02
1.150240000000000009e+02
1.142617000000000047e+02
1.138213999999999970e+02
1.128526999999999987e+02
1.121403999999999996e+02
1.114575999999999993e+02
1.112018999999999949e+02
1.106394999999999982e+02
1.099595999999999947e+02
1.092604000000000042e+02
1.087629999999999910e+02
1.086212000000000018e+02
1.086247000000000043e+02
1.088408000000000015e+02
1.099877000000000038e+02
1.123225999999999942e+02
1.168152000000000044e+02
1.225493000000000023e+02
1.291770000000000209e+02
1.342516999999999996e+02
1.382811000000000092e+02
1.420946999999999889e+02
1.448043999999999869e+02
1.458315000000000055e+02
1.453379999999999939e+02
1.452078999999999951e+02
1.446834000000000060e+02
1.441950999999999965e+02
1.427834000000000003e+02
1.410803999999999974e+02
1.401307999999999936e+02
1.396519000000000119e+02
1.399671999999999912e+02
1.411113000000000000e+02
1.427649000000000115e+02
1.451470000000000198e+02
1.478315000000000055e+02
1.506544000000000096e+02
1.519345999999999890e+02
1.518565999999999860e+02
1.517918999999999983e+02
1.515355000000000132e+02
1.507673000000000059e+02
1.501887999999999863e+02
1.508140999999999963e+02
1.529031999999999982e+02
1.552005000000000052e+02
1.572025999999999897e+02
1.581151999999999873e+02
1.576798000000000002e+02
1.555629999999999882e+02
1.525973999999999933e+02
1.490922999999999945e+02
1.456157000000000039e+02
1.420352000000000032e+02
1.397537000000000091e+02
1.395143999999999949e+02
1.409823000000000093e+02
1.440844999999999914e+02
1.475079999999999814e+02
1.508027999999999906e+02
1.523246000000000038e+02
1.521709999999999923e+02
1.503264000000000067e+02
1.472819000000000074e+02
1.439572000000000003e+02
1.409776999999999987e+02
1.379702000000000055e+02
1.359071000000000140e+02
1.349387999999999863e+02
1.357790999999999997e+02
1.379395000000000095e+02
1.404244999999999948e+02
1.417165999999999997e+02
1.420193999999999903e+02
1.415815000000000055e+02
1.398158999999999992e+02
1.372659999999999911e+02
1.337421999999999969e+02
1.305766999999999882e+02
1.277706000000000017e+02
1.249796000000000049e+02
1.233171999999999997e+02
1.227287000000000035e+02
1.234359000000000037e+02
1.249544000000000068e+02
1.270523000000000025e+02
1.290133999999999901e+02
1.313271000000000015e+02
1.339302000000000135e+02
1.365187999999999988e+02
1.392006000000000085e+02
1.417694999999999936e+02
1.436942999999999984e+02
1.455891000000000020e+02
1.476975999999999942e+02
1.498580000000000041e+02
1.525185999999999922e+02
1.554958000000000027e+02
1.578920999999999992e+02
1.597486000000000104e+02
1.611914999999999907e+02
1.622835000000000036e+02
1.621639999999999873e+02
1.613031000000000006e+02
1.605227999999999895e+02
1.591672000000000082e+02
1.576456000000000017e+02
1.570110999999999990e+02
1.573068000000000097e+02
1.578986999999999910e+02
1.580175999999999874e+02
1.572865999999999929e+02
1.563894999999999982e+02
1.553747999999999934e+02
1.543144000000000062e+02
1.537598999999999876e+02
1.533871000000000038e+02
1.527512000000000114e+02
1.511586000000000070e+02
1.485561999999999898e+02
1.457263000000000090e+02
1.424183999999999912e+02
1.391184000000000083e+02
1.368020999999999958e+02
1.355491000000000099e+02
1.350603000000000122e+02
1.349790999999999883e+02
1.351545999999999879e+02
1.356844000000000108e+02
1.365703000000000031e+02
1.372971000000000004e+02
1.383266999999999882e+02
1.396671000000000049e+02
1.411366999999999905e+02
1.427527000000000044e+02
1.440030999999999892e+02
1.449423999999999921e+02
1.456810999999999865e+02
1.458434000000000026e+02
1.454420000000000073e+02
1.443928999999999974e+02
1.428609999999999900e+02
1.417139999999999986e+02
1.412925999999999931e+02
1.409992000000000019e+02
1.405729000000000042e+02
1.397914000000000101e+02
1.386768999999999892e+02
1.374199999999999875e+02
1.365701999999999998e+02
1.364793999999999983e+02
1.369875000000000114e+02
1.375724999999999909e+02
1.379129999999999825e+02
1.377501000000000033e+02
1.375251000000000090e+02
1.371633999999999958e+02
1.366226000000000056e+02
1.356161999999999921e+02
1.343901999999999930e+02
nan
nan
nan
nan
nan
nan
nan
nan
nan
nan
nan
nan
nan
nan
nan
nan
nan
nan
nan
nan
nan
nan
nan
nan
nan
nan
nan
nan
nan
nan
nan
nan
nan
nan
nan
nan
nan
nan
nan
nan
nan
nan
nan
nan
nan
nan
nan
nan
nan
nan
nan
nan
nan
nan
nan
nan
nan
nan
nan
nan
nan
nan
nan
nan
nan
nan
nan
nan
nan
nan
nan
nan
nan
nan
nan
nan
nan
nan
nan
nan
nan
nan
nan
nan
nan
nan
nan
nan
nan
nan
nan
nan
nan
nan
nan
nan
nan
nan
nan
nan
1.361003000000000043e+02
1.384318000000000097e+02
1.403728999999999871e+02
1.417958000000000141e+02
1.429693000000000040e+02
1.442913000000000068e+02
1.462790999999999997e+02
1.472978999999999985e+02
1.479228999999999985e+02
1.477691000000000088e+02
1.470620000000000118e+02
1.457938000000000045e+02
1.442939000000000078e+02
1.383300999999999874e+02
1.359687000000000126e+02
1.346182000000000016e+02
1.337512999999999863e+02
1.329050000000000011e+02
1.321588999999999885e+02
1.317346000000000004e+02
1.317081000000000017e+02
1.318311999999999955e+02
1.320529999999999973e+02
1.317113999999999976e+02
1.307333999999999889e+02
1.297387999999999977e+02
1.292147999999999968e+02
1.293195000000000050e+02
1.306925999999999988e+02
1.326194000000000131e+02
1.344440999999999917e+02
1.354035000000000082e+02
1.356571999999999889e+02
1.356014999999999873e+02
1.360489000000000033e+02
1.374259000000000128e+02
1.390492999999999881e+02
1.409465999999999894e+02
1.427096999999999980e+02
1.442901999999999987e+02
1.449941000000000031e+02
1.451935000000000002e+02
1.449642000000000053e+02
1.450210999999999899e+02
1.447225999999999999e+02
1.436374999999999886e+02
1.417009999999999934e+02
1.393774999999999977e+02
1.373499999999999943e+02
1.357606000000000108e+02
1.345225000000000080e+02
1.341715000000000089e+02
1.347854000000000099e+02
1.372033999999999878e+02
1.412524999999999977e+02
1.466203999999999894e+02
1.513196000000000083e+02
1.564926000000000101e+02
1.685964999999999918e+02
1.712715000000000032e+02
1.715215000000000032e+02
1.704276999999999873e+02
1.683315000000000055e+02
1.656014999999999873e+02
1.640915999999999997e+02
1.649270000000000209e+02
1.665637999999999863e+02
1.674502999999999986e+02
1.662624000000000137e+02
1.631904999999999859e+02
1.577718000000000131e+02
1.532504999999999882e+02
1.498559999999999945e+02
1.489336999999999875e+02
1.493970999999999947e+02
1.512215999999999951e+02
1.566971000000000060e+02
1.605672999999999888e+02
1.640750999999999920e+02
1.693525999999999954e+02
1.691962000000000046e+02
1.675109999999999957e+02
1.649302000000000135e+02
1.608045999999999935e+02
1.571933999999999969e+02
1.544755000000000109e+02
1.741023999999999887e+02
1.792754999999999939e+02
1.829396999999999878e+02
1.838705999999999960e+02
1.822569000000000017e+02
1.783252999999999986e+02
1.759065999999999974e+02
1.739513000000000034e+02
1.726414000000000044e+02
1.712494000000000085e+02
1.697281999999999869e+02
1.759981999999999971e+02
1.774090000000000202e+02
1.780460999999999956e+02
1.779017000000000053e+02
1.766165000000000020e+02
1.733633000000000095e+02
1.708393000000000086e+02
1.688978999999999928e+02
1.690923999999999978e+02
1.696290999999999940e+02
1.701623999999999910e+02
1.709182999999999879e+02
1.741242000000000019e+02
1.746744999999999948e+02
1.743620999999999981e+02
1.733914000000000044e+02
1.722136999999999887e+02
1.707083000000000084e+02
1.691621000000000095e+02
1.688706999999999994e+02
1.696951999999999998e+02
1.719941000000000031e+02
1.736879999999999882e+02
1.747659999999999911e+02
1.750255999999999972e+02
1.740758999999999901e+02
1.718834999999999980e+02
1.686067999999999927e+02
1.642420000000000186e+02
1.605562999999999931e+02
1.578870000000000005e+02
1.559451999999999998e+02
1.547758000000000038e+02
1.546548999999999978e+02
1.558459000000000003e+02
1.576593000000000018e+02
1.592115000000000009e+02
1.601137999999999977e+02
1.603928999999999974e+02
1.602510000000000048e+02
1.591452999999999918e+02
1.580585000000000093e+02
1.569595999999999947e+02
1.557078999999999951e+02
1.547078999999999951e+02
1.538423999999999978e+02
1.535652000000000044e+02
1.536600999999999999e+02
1.538738999999999919e+02
1.545672999999999888e+02
1.552533999999999992e+02
1.555580999999999960e+02
1.556697000000000060e+02
1.558043999999999869e+02
1.560778999999999996e+02
1.565829999999999984e+02
1.573466999999999985e+02
1.581629999999999825e+02
1.591912000000000091e+02
1.599568999999999903e+02
1.605005999999999915e+02
1.606709999999999923e+02
1.604825999999999908e+02
1.603666000000000054e+02
1.603874000000000137e+02
1.608930000000000007e+02
1.615357999999999947e+02
1.621979999999999791e+02
1.622081000000000017e+02
1.616000999999999976e+02
1.602146999999999935e+02
1.581259000000000015e+02
1.557101999999999862e+02
1.545360000000000014e+02
1.544406999999999925e+02
1.548965000000000032e+02
1.555718999999999994e+02
1.565079000000000065e+02
1.571540999999999997e+02
1.575919000000000096e+02
1.580973999999999933e+02
1.588089999999999975e+02
1.598505999999999858e+02
1.612898999999999887e+02
1.630562999999999931e+02
1.647607999999999890e+02
1.657738999999999976e+02
1.659405999999999892e+02
1.652164999999999964e+02
1.635041999999999973e+02
1.603730999999999938e+02
1.560691999999999950e+02
1.504310999999999865e+02
1.457571000000000083e+02
1.421389000000000067e+02
1.397863000000000113e+02
1.383318999999999903e+02
1.377540999999999940e+02
1.379583000000000084e+02
1.382376999999999896e+02
1.384108999999999980e+02
1.376770000000000209e+02
1.368956000000000017e+02
1.360244999999999891e+02
1.350295000000000130e+02
1.343349000000000046e+02
1.336004000000000076e+02
1.327109000000000094e+02
1.325203999999999951e+02
1.327351999999999919e+02
1.335998999999999910e+02
1.342647000000000048e+02
1.351632999999999925e+02
1.362187000000000126e+02
1.367319999999999993e+02
1.364885999999999910e+02
1.348483999999999980e+02
1.322912000000000035e+02
1.291865999999999985e+02
1.268315000000000055e+02
1.249399999999999977e+02
1.233825999999999965e+02
1.226501999999999981e+02
1.230297000000000054e+02
1.246256000000000057e+02
1.270371999999999986e+02
1.310551000000000101e+02
1.356476000000000113e+02
1.415260000000000105e+02
1.464341000000000008e+02
1.509165999999999883e+02
1.534063999999999908e+02
1.543802000000000021e+02
1.546757000000000062e+02
1.549166999999999916e+02
1.553277999999999963e+02
1.557575999999999965e+02
1.564085000000000036e+02
1.566696000000000026e+02
1.564939999999999998e+02
1.557284999999999968e+02
1.550330999999999904e+02
1.535353000000000065e+02
1.521675999999999931e+02
1.499459999999999980e+02
1.484526999999999930e+02
1.463361999999999910e+02
1.460312000000000126e+02
1.466028000000000020e+02
1.475134999999999934e+02
1.471640999999999906e+02
1.459923000000000002e+02
1.449036999999999864e+02
nan
nan
nan
nan
nan
nan
nan
nan
nan
nan
nan
nan
nan
nan
nan
nan
nan
nan
nan
nan
nan
nan
nan
nan
nan
nan
nan
nan
nan
nan
nan
nan
nan
nan
nan
nan
nan
nan
nan
nan
nan
nan
nan
nan
nan
nan
nan
nan
nan
nan
nan
nan
nan
nan
nan
nan
nan
nan
nan
nan
nan
nan
nan
nan
nan
nan
nan
nan
nan
nan
nan
nan
nan
nan
nan
nan
nan
nan
nan
nan
nan
nan
nan
nan
nan
nan
nan
nan
nan
nan
nan
nan
nan
nan
nan
nan
nan
nan
nan
nan
