1.027288999999999959e+02
1.041804000000000059e+02
1.057886000000000024e+02
1.076246000000000009e+02
1.092706000000000017e+02
1.110752999999999986e+02
1.120923999999999978e+02
1.126846000000000032e+02
1.129937000000000040e+02
1.132104999999999961e+02
1.133020000000000067e+02
1.134207999999999998e+02
1.136231999999999971e+02
1.137021000000000015e+02
1.137810999999999950e+02
1.134050000000000011e+02
1.129056999999999960e+02
1.121757999999999953e+02
1.116222999999999956e+02
1.110929000000000002e+02
1.107946000000000026e+02
1.104655000000000058e+02
1.104013999999999953e+02
1.104056000000000068e+02
1.104915000000000020e+02
1.106383000000000010e+02
1.108742000000000019e+02
1.114120000000000061e+02
1.120182999999999964e+02
1.126363999999999947e+02
1.131808999999999941e+02
1.137423000000000002e+02
1.142456999999999994e+02
1.147275999999999954e+02
1.151906000000000034e+02
1.157620000000000005e+02
1.162356000000000051e+02
1.165626000000000033e+02
1.168320999999999970e+02
1.169565000000000055e+02
1.170275000000000034e+02
1.169967000000000041e+02
1.168539999999999992e+02
1.165484000000000009e+02
1.162053999999999974e+02
1.159016000000000020e+02
1.159079999999999870e+02
1.162058999999999997e+02
1.164947999999999979e+02
1.166881999999999948e+02
1.168264000000000067e+02
1.168521999999999963e+02
1.166008000000000067e+02
1.160943000000000040e+02
1.155327999999999946e+02
1.140991999999999962e+02
1.133564999999999969e+02
1.126624999999999943e+02
1.119342999999999932e+02
1.116603000000000065e+02
1.114870999999999981e+02
1.112811999999999983e+02
1.107283000000000044e+02
1.093620000000000090e+02
1.088678000000000026e+02
1.085297000000000054e+02
1.081954000000000065e+02
1.080520000000000067e+02
1.079806999999999988e+02
1.078894999999999982e+02
1.079210999999999956e+02
1.081765000000000043e+02
1.086231999999999971e+02
1.095302999999999969e+02
1.108129999999999882e+02
1.121255000000000024e+02
1.133559000000000054e+02
1.143078000000000003e+02
1.182146999999999935e+02
1.195070999999999941e+02
1.201212000000000018e+02
1.201300999999999988e+02
1.198953999999999951e+02
1.193589000000000055e+02
1.123700999999999937e+02
1.108862000000000023e+02
1.106670000000000016e+02
1.099253999999999962e+02
1.097861999999999938e+02
1.095825999999999993e+02
1.092843000000000018e+02
1.089462999999999937e+02
1.085099000000000018e+02
1.077796000000000021e+02
1.076342000000000070e+02
1.075287000000000006e+02
1.074626999999999981e+02
1.074504000000000019e+02
1.076021999999999963e+02
1.079086999999999961e+02
1.080157999999999987e+02
1.080622000000000043e+02
1.084120000000000061e+02
1.085683999999999969e+02
1.086342999999999961e+02
1.085973999999999933e+02
1.084358000000000004e+02
1.082263999999999982e+02
1.081738000000000000e+02
1.082776999999999958e+02
1.084736999999999938e+02
1.085470000000000113e+02
1.085584000000000060e+02
1.084784999999999968e+02
1.082818000000000040e+02
1.078740999999999985e+02
1.072513000000000005e+02
1.067925000000000040e+02
1.065835000000000008e+02
1.066128999999999962e+02
1.067723000000000013e+02
1.070989000000000004e+02
1.078213999999999970e+02
1.080725999999999942e+02
1.082199999999999989e+02
1.081573999999999955e+02
1.079992000000000019e+02
1.077994000000000057e+02
1.076512000000000029e+02
1.073746000000000009e+02
1.071306000000000012e+02
1.070378000000000043e+02
1.071000999999999976e+02
1.079043999999999954e+02
1.082233999999999980e+02
1.085759000000000043e+02
1.088581999999999965e+02
1.091184999999999974e+02
1.094042000000000030e+02
1.097584999999999980e+02
1.101825999999999937e+02
1.105229999999999961e+02
1.107640999999999991e+02
1.108730999999999938e+02
1.108969000000000023e+02
1.106563000000000017e+02
1.104672000000000054e+02
1.102514999999999930e+02
1.099911000000000030e+02
1.096610000000000014e+02
1.083284000000000020e+02
1.082485000000000070e+02
1.081604999999999990e+02
1.081542000000000030e+02
1.082562000000000069e+02
1.085140999999999991e+02
1.091864000000000061e+02
1.106323000000000008e+02
1.108556999999999988e+02
1.114265000000000043e+02
1.115899000000000001e+02
1.117181999999999960e+02
1.118551999999999964e+02
1.120383000000000067e+02
1.122339000000000055e+02
1.125057999999999936e+02
1.128209999999999980e+02
1.130412000000000035e+02
1.130969000000000051e+02
1.131243999999999943e+02
1.131851999999999947e+02
1.132236000000000047e+02
1.133538000000000068e+02
1.136608999999999980e+02
1.140639000000000038e+02
1.144217000000000013e+02
1.130446000000000026e+02
1.119106000000000023e+02
1.104929000000000059e+02
1.094415000000000049e+02
1.092689000000000021e+02
1.092541999999999973e+02
1.091611000000000047e+02
1.090521999999999991e+02
1.097900000000000063e+02
1.163525000000000063e+02
1.186216000000000008e+02
1.204848000000000070e+02
1.219085000000000036e+02
1.231046999999999940e+02
1.239264000000000010e+02
1.246978000000000009e+02
1.254321000000000055e+02
1.263931000000000040e+02
1.275713999999999970e+02
1.287006000000000085e+02
1.294652000000000100e+02
1.296362000000000023e+02
1.294722999999999900e+02
1.290943000000000040e+02
1.289508999999999901e+02
1.297050999999999874e+02
1.309823000000000093e+02
1.328048000000000002e+02
1.343957000000000050e+02
1.357904000000000053e+02
1.367684999999999889e+02
1.374362999999999886e+02
1.375946999999999889e+02
1.376118999999999915e+02
1.374253999999999962e+02
1.383164999999999907e+02
1.397500000000000000e+02
1.410612999999999886e+02
1.421254000000000133e+02
1.430592000000000041e+02
1.432195000000000107e+02
1.430258000000000038e+02
1.422170999999999879e+02
1.414906000000000006e+02
1.407305000000000064e+02
1.400113000000000056e+02
1.391562999999999874e+02
1.385687000000000069e+02
1.381278000000000077e+02
1.378246000000000038e+02
1.381410999999999945e+02
1.384048999999999978e+02
1.384576999999999884e+02
1.380688000000000102e+02
1.375243000000000109e+02
1.368537000000000035e+02
1.361639000000000124e+02
1.353752000000000066e+02
1.345822000000000003e+02
1.336589999999999918e+02
1.328257000000000119e+02
1.320798000000000059e+02
1.314493999999999971e+02
1.309301000000000101e+02
1.306359999999999957e+02
1.304501999999999953e+02
1.303188000000000102e+02
1.301749000000000080e+02
1.300832000000000050e+02
1.301146999999999991e+02
1.301179999999999950e+02
1.299861999999999966e+02
1.295581999999999994e+02
1.289060000000000059e+02
1.281656999999999869e+02
1.270724000000000018e+02
1.256060999999999979e+02
1.242113999999999976e+02
1.230416000000000025e+02
1.224059000000000026e+02
1.217400999999999982e+02
1.215682000000000045e+02
1.217012000000000000e+02
1.223235999999999990e+02
1.230742999999999938e+02
1.241445999999999970e+02
1.247741999999999933e+02
1.252834000000000003e+02
1.253850000000000051e+02
1.254759999999999991e+02
1.255861000000000018e+02
1.258875000000000028e+02
1.263870000000000005e+02
1.271871000000000009e+02
1.282612000000000023e+02
1.297024999999999864e+02
1.312067999999999870e+02
1.327975000000000136e+02
1.345921999999999912e+02
1.364064999999999941e+02
1.380949999999999989e+02
1.388072999999999979e+02
1.388680999999999983e+02
1.386516000000000020e+02
1.385254999999999939e+02
1.375400999999999954e+02
1.361161999999999921e+02
1.344915000000000020e+02
1.332323000000000093e+02
1.318866999999999905e+02
1.305218999999999880e+02
1.296616999999999962e+02
1.292505999999999915e+02
1.293000000000000114e+02
1.297396999999999991e+02
1.302937000000000012e+02
1.309996999999999900e+02
1.317030000000000030e+02
1.325097000000000094e+02
1.333857999999999890e+02
1.336569000000000074e+02
1.333949000000000069e+02
1.327437999999999931e+02
1.320483000000000118e+02
1.313043000000000120e+02
1.312558999999999969e+02
1.317308999999999912e+02
1.326913999999999874e+02
1.337565999999999917e+02
1.348103000000000122e+02
1.353061999999999898e+02
1.352279000000000053e+02
1.350670000000000073e+02
1.347278000000000020e+02
1.340569000000000131e+02
1.327630000000000052e+02
1.314746000000000095e+02
1.304115999999999929e+02
1.294952000000000112e+02
1.286355000000000075e+02
1.278773999999999944e+02
1.273606000000000051e+02
1.270662999999999982e+02
1.266568999999999932e+02
1.265968000000000018e+02
1.268704000000000036e+02
1.269145000000000039e+02
1.266851000000000056e+02
1.259217000000000013e+02
1.249039999999999964e+02
1.232883999999999958e+02
1.211019000000000005e+02
1.168345000000000056e+02
1.170532999999999930e+02
1.176804000000000059e+02
1.183906999999999954e+02
1.190318999999999932e+02
1.188541000000000025e+02
1.186272000000000020e+02
1.182942000000000036e+02
1.182287000000000035e+02
1.179175000000000040e+02
1.179791000000000025e+02
1.183639999999999901e+02
1.180254999999999939e+02
1.166641999999999939e+02
1.134444000000000017e+02
1.079445000000000050e+02
9.933429999999999893e+01
9.907959999999999923e+01
1.007806999999999960e+02
1.039628000000000014e+02
1.073743000000000052e+02
1.107751999999999981e+02
1.129485999999999990e+02
1.147703000000000060e+02
1.164436000000000035e+02
1.181604999999999990e+02
1.195866000000000042e+02
1.202973000000000070e+02
1.203803000000000054e+02
1.200177000000000049e+02
1.190822000000000003e+02
1.177502000000000066e+02
1.163028000000000048e+02
1.148001000000000005e+02
1.137078999999999951e+02
1.130674000000000063e+02
1.131870000000000118e+02
1.135998000000000019e+02
1.142275000000000063e+02
1.147807999999999993e+02
1.153793000000000006e+02
1.160939999999999941e+02
1.167584999999999980e+02
1.175427999999999997e+02
1.185191999999999979e+02
1.192755999999999972e+02
1.200020999999999987e+02
1.206193999999999988e+02
1.213893000000000058e+02
1.223907999999999987e+02
1.232357999999999976e+02
1.240476000000000028e+02
1.249424999999999955e+02
1.257390999999999934e+02
1.264720000000000084e+02
1.265494000000000057e+02
1.262849999999999966e+02
1.261251000000000033e+02
1.258863000000000056e+02
1.252813000000000017e+02
1.246208000000000027e+02
1.242025000000000006e+02
1.243231999999999999e+02
1.252128000000000014e+02
1.261817000000000064e+02
1.274848000000000070e+02
1.288067000000000064e+02
1.302425000000000068e+02
1.313789999999999907e+02
1.319307000000000016e+02
1.314710000000000036e+02
1.306623999999999910e+02
1.292170999999999879e+02
1.275824000000000069e+02
1.259947999999999979e+02
1.247042000000000002e+02
1.236637000000000057e+02
1.228994000000000000e+02
1.221950999999999965e+02
1.216098000000000070e+02
1.210504999999999995e+02
1.205815999999999946e+02
1.201884000000000015e+02
1.205910000000000082e+02
1.213067000000000064e+02
1.221015000000000015e+02
1.226150999999999982e+02
1.226721000000000004e+02
1.225661000000000058e+02
1.225016999999999996e+02
1.221315000000000026e+02
1.213487999999999971e+02
1.201807000000000016e+02
1.197539000000000016e+02
1.197973999999999961e+02
1.200725999999999942e+02
1.204885000000000019e+02
1.208072999999999979e+02
1.212801000000000045e+02
1.215788000000000011e+02
1.219179999999999922e+02
1.224638000000000062e+02
1.230664000000000016e+02
1.238336999999999932e+02
1.245655000000000001e+02
1.251940000000000026e+02
1.255049000000000063e+02
1.253324000000000069e+02
1.249091999999999985e+02
1.243536000000000001e+02
1.237917999999999950e+02
1.234673999999999978e+02
1.234221000000000004e+02
1.237073000000000036e+02
1.242660999999999945e+02
1.246813999999999965e+02
1.249159999999999968e+02
1.248637999999999977e+02
1.247691999999999979e+02
1.243870000000000005e+02
1.237256000000000000e+02
1.227586000000000013e+02
1.215677000000000021e+02
1.215644999999999953e+02
1.218122999999999934e+02
1.221654999999999944e+02
1.226226000000000056e+02
1.233204000000000065e+02
1.239381999999999948e+02
1.244800999999999931e+02
1.247703000000000060e+02
1.247447999999999979e+02
1.243473000000000042e+02
1.237332999999999998e+02
1.227862999999999971e+02
1.219252000000000038e+02
1.211727000000000061e+02
1.207002999999999986e+02
1.204391999999999996e+02
1.202081000000000017e+02
1.199840999999999980e+02
1.197575999999999965e+02
1.194604999999999961e+02
1.191664999999999992e+02
1.187884999999999991e+02
1.183564999999999969e+02
1.180267000000000053e+02
1.178571000000000026e+02
1.176047999999999973e+02
1.173563999999999936e+02
1.170375999999999976e+02
1.169672999999999945e+02
1.170437000000000012e+02
1.172917000000000058e+02
1.174448000000000008e+02
1.178093999999999966e+02
1.184603000000000037e+02
1.192708999999999975e+02
1.200747000000000071e+02
1.207960000000000065e+02
1.213974999999999937e+02
1.220797000000000025e+02
1.226599999999999966e+02
1.228766999999999996e+02
1.227459000000000060e+02
1.221847999999999956e+02
1.215683999999999969e+02
1.207395000000000067e+02
1.199111999999999938e+02
1.189577000000000027e+02
1.184555000000000007e+02
1.182284999999999968e+02
1.184795000000000016e+02
1.191243000000000052e+02
1.201594000000000051e+02
1.216467999999999989e+02
1.229091999999999985e+02
1.237603000000000009e+02
1.239795000000000016e+02
1.238014000000000010e+02
1.231433999999999997e+02
1.224749000000000052e+02
1.216022999999999996e+02
1.209001999999999981e+02
1.202674999999999983e+02
1.197167000000000030e+02
1.193534999999999968e+02
1.191227999999999980e+02
1.191003000000000043e+02
1.190773999999999972e+02
1.191229000000000013e+02
1.191046000000000049e+02
1.190409999999999968e+02
1.187961999999999989e+02
1.184098999999999933e+02
1.177934000000000054e+02
1.170224999999999937e+02
1.164586999999999932e+02
1.160006999999999948e+02
1.155622000000000043e+02
1.153136999999999972e+02
1.151702999999999975e+02
1.153986000000000018e+02
1.157764999999999986e+02
1.164671000000000021e+02
1.171394999999999982e+02
1.178115999999999985e+02
1.183405000000000058e+02
1.187776000000000067e+02
1.188688999999999965e+02
1.184595999999999947e+02
1.173295999999999992e+02
1.160512999999999977e+02
1.147935999999999979e+02
1.139031999999999982e+02
1.128593999999999937e+02
1.120404000000000053e+02
1.115129999999999910e+02
1.113830999999999989e+02
1.114865000000000066e+02
1.115277999999999992e+02
1.114198999999999984e+02
1.113392000000000053e+02
1.107424000000000035e+02
1.104271999999999991e+02
1.101691000000000003e+02
1.098141999999999996e+02
1.091662000000000035e+02
1.083846000000000060e+02
1.075039000000000016e+02
1.067544000000000040e+02
1.062001000000000062e+02
1.062629000000000019e+02
1.063893000000000058e+02
1.067891999999999939e+02
1.070849000000000046e+02
1.075545999999999935e+02
1.081659999999999968e+02
1.086899999999999977e+02
1.091043999999999983e+02
1.095878000000000014e+02
1.101304999999999978e+02
1.106469000000000023e+02
1.109770999999999930e+02
1.111937000000000069e+02
1.112673999999999950e+02
1.111801999999999992e+02
1.110061000000000035e+02
1.108563999999999936e+02
1.109578999999999951e+02
1.112253999999999934e+02
1.115618000000000052e+02
1.118920000000000101e+02
1.122287000000000035e+02
1.124770000000000039e+02
1.128354999999999961e+02
1.133027000000000015e+02
1.138331000000000017e+02
1.142402000000000015e+02
1.144561999999999955e+02
1.146401000000000039e+02
1.146838000000000051e+02
1.144866999999999990e+02
1.139711000000000070e+02
1.134786000000000001e+02
1.130257000000000005e+02
1.126268000000000029e+02
1.125052000000000021e+02
1.126310000000000002e+02
1.131941999999999950e+02
1.140366999999999962e+02
1.152493000000000052e+02
1.161809999999999974e+02
1.168178999999999945e+02
1.168101000000000056e+02
1.164257000000000062e+02
1.157485999999999962e+02
1.151227999999999980e+02
1.145250000000000057e+02
1.141616000000000071e+02
1.138834999999999980e+02
1.142552000000000021e+02
1.153512999999999948e+02
1.166851000000000056e+02
1.179898000000000025e+02
1.187822000000000031e+02
1.192582000000000022e+02
1.194514000000000067e+02
1.191076999999999941e+02
1.185066000000000059e+02
1.181966000000000037e+02
1.186106999999999942e+02
1.194072000000000031e+02
1.203256999999999977e+02
1.208054999999999950e+02
1.207266999999999939e+02
1.201748999999999938e+02
1.194317999999999955e+02
1.186812999999999931e+02
1.180287000000000006e+02
1.180262000000000029e+02
1.187451999999999970e+02
1.202372000000000014e+02
1.220260999999999996e+02
1.237891999999999939e+02
1.251479999999999961e+02
1.265099000000000018e+02
1.273412000000000006e+02
1.274218000000000046e+02
1.271300999999999988e+02
1.264504000000000019e+02
1.261841000000000008e+02
1.262360999999999933e+02
1.261681999999999988e+02
1.260370000000000061e+02
1.256871000000000009e+02
1.253992999999999967e+02
1.255293000000000063e+02
1.255729000000000042e+02
1.254641000000000020e+02
1.253812000000000069e+02
1.253670999999999935e+02
1.255387000000000057e+02
1.256777000000000015e+02
1.257096999999999980e+02
1.254679999999999893e+02
1.249325000000000045e+02
1.238639999999999901e+02
1.224720000000000084e+02
1.209633000000000038e+02
1.199808000000000021e+02
1.196287999999999982e+02
1.196837000000000018e+02
1.196319000000000017e+02
1.197489000000000061e+02
1.198208000000000055e+02
1.200687000000000069e+02
1.201409000000000020e+02
1.201295999999999964e+02
1.200157999999999987e+02
1.198970000000000056e+02
1.198838999999999970e+02
1.201521000000000043e+02
1.204913999999999987e+02
1.207818000000000040e+02
1.207978999999999985e+02
1.207724999999999937e+02
1.208503000000000043e+02
1.208688999999999965e+02
1.210343000000000018e+02
1.211727000000000061e+02
1.211879999999999882e+02
1.211953000000000031e+02
1.212805000000000035e+02
1.246495000000000033e+02
1.253045999999999935e+02
1.260067999999999984e+02
1.264716999999999985e+02
1.266030999999999977e+02
1.265947000000000031e+02
1.263032000000000039e+02
1.257703000000000060e+02
1.248764000000000038e+02
1.241710999999999956e+02
1.237351000000000028e+02
1.233426000000000045e+02
1.228028999999999940e+02
1.219786000000000001e+02
1.210173000000000059e+02
1.197947999999999951e+02
1.188324999999999960e+02
1.182946000000000026e+02
1.180534999999999997e+02
1.179714000000000027e+02
1.180682000000000045e+02
1.182434999999999974e+02
1.184911000000000030e+02
1.185080999999999989e+02
1.186499000000000024e+02
1.190412000000000035e+02
1.194553999999999974e+02
1.202441000000000031e+02
1.224808000000000021e+02
1.238636000000000053e+02
1.335106000000000108e+02
1.353543999999999983e+02
1.374284000000000106e+02
1.393832999999999913e+02
1.419267000000000110e+02
1.422769000000000119e+02
1.418944999999999936e+02
1.413708000000000027e+02
1.407103999999999928e+02
1.410433999999999912e+02
1.415997999999999877e+02
1.422271000000000072e+02
1.428442000000000007e+02
1.435310000000000059e+02
1.445120000000000005e+02
1.447704999999999984e+02
1.443122999999999934e+02
1.363549999999999898e+02
1.352117000000000075e+02
1.345706000000000131e+02
1.341251000000000033e+02
1.338298000000000059e+02
1.340626000000000033e+02
1.342847999999999900e+02
1.345064000000000135e+02
1.346398000000000081e+02
1.346066999999999894e+02
1.346237000000000137e+02
1.347314000000000078e+02
1.350989999999999895e+02
1.356470000000000198e+02
1.363247000000000071e+02
1.370469999999999970e+02
1.374836999999999989e+02
1.378199999999999932e+02
1.375443999999999960e+02
1.370482000000000085e+02
1.368168000000000006e+02
1.368891000000000133e+02
1.372284999999999968e+02
1.373766999999999996e+02
1.373084000000000060e+02
1.369560999999999922e+02
1.366959999999999980e+02
1.365493999999999915e+02
1.366063000000000045e+02
1.369230000000000018e+02
1.375161999999999978e+02
1.381805999999999983e+02
1.388546000000000049e+02
1.391282999999999959e+02
1.391572999999999922e+02
1.386749000000000080e+02
1.381639999999999873e+02
1.375471000000000004e+02
1.367326999999999941e+02
1.357530999999999892e+02
1.350415000000000134e+02
1.344856000000000051e+02
1.341760000000000161e+02
1.338109000000000037e+02
1.337597000000000094e+02
1.343680999999999983e+02
1.351940999999999917e+02
1.358812000000000069e+02
1.366865999999999985e+02
1.377110000000000127e+02
1.383177000000000021e+02
1.388237000000000023e+02
1.392111999999999910e+02
1.398812000000000069e+02
1.402607000000000141e+02
1.405065999999999917e+02
1.405238999999999976e+02
1.400361000000000047e+02
1.390500999999999863e+02
1.377136999999999887e+02
1.371025999999999954e+02
1.367746999999999957e+02
1.365569000000000131e+02
1.360224000000000046e+02
1.359405999999999892e+02
1.359054999999999893e+02
1.359343000000000075e+02
1.355369000000000028e+02
1.350366999999999962e+02
1.343303999999999974e+02
1.338514000000000124e+02
1.334176999999999964e+02
1.329079000000000121e+02
1.327310999999999979e+02
1.329011999999999887e+02
1.334162000000000035e+02
1.338389999999999986e+02
1.341891999999999996e+02
1.348169000000000040e+02
1.355004999999999882e+02
1.360168999999999926e+02
1.361126999999999896e+02
1.358349000000000046e+02
1.355390999999999906e+02
1.353262000000000000e+02
1.352504000000000133e+02
1.353953999999999951e+02
1.357737999999999943e+02
1.364647999999999968e+02
1.372917999999999950e+02
1.382914000000000101e+02
1.389591000000000065e+02
1.392835000000000036e+02
1.390900000000000034e+02
1.386661000000000001e+02
1.378654999999999973e+02
1.374541999999999859e+02
1.373814000000000135e+02
1.376893000000000029e+02
1.384507999999999868e+02
1.395606999999999971e+02
1.410732999999999890e+02
1.422120999999999924e+02
1.430266000000000020e+02
1.435997999999999877e+02
1.439057999999999993e+02
1.435788000000000011e+02
1.427535000000000025e+02
1.416285000000000025e+02
1.414091999999999985e+02
1.416811999999999898e+02
1.421389000000000067e+02
1.425438000000000045e+02
1.426220000000000141e+02
1.422724000000000046e+02
1.416556999999999960e+02
1.410289999999999964e+02
1.407794000000000096e+02
1.407647000000000048e+02
1.407864999999999895e+02
1.408131999999999948e+02
1.406387000000000000e+02
1.403120000000000118e+02
1.397261000000000024e+02
1.390782000000000096e+02
1.381941999999999950e+02
1.372803999999999860e+02
1.360063000000000102e+02
1.346801000000000101e+02
1.337331000000000074e+02
1.330874000000000024e+02
1.327229999999999848e+02
1.329078000000000088e+02
1.363581000000000074e+02
1.380160999999999945e+02
1.394088000000000136e+02
1.405132000000000119e+02
1.410685000000000002e+02
1.410226999999999862e+02
1.406151000000000124e+02
1.398653999999999940e+02
1.388479000000000099e+02
1.381322000000000116e+02
1.378360000000000127e+02
1.381937000000000069e+02
1.392403999999999940e+02
1.408745000000000118e+02
1.426003000000000043e+02
1.441443999999999903e+02
1.455692999999999984e+02
1.474867999999999881e+02
1.499516999999999882e+02
1.524664999999999964e+02
1.551853000000000122e+02
1.569891000000000076e+02
1.580975999999999999e+02
1.583906000000000063e+02
1.573794000000000040e+02
1.551699999999999875e+02
1.519892000000000110e+02
1.485542000000000087e+02
1.462593999999999994e+02
1.446217000000000041e+02
1.431511999999999887e+02
1.422222999999999900e+02
1.418743000000000052e+02
1.421451999999999884e+02
1.425836999999999932e+02
1.429711000000000070e+02
1.432566999999999950e+02
1.434764000000000124e+02
1.436234000000000037e+02
1.436941999999999950e+02
1.433683000000000050e+02
1.412805999999999926e+02
1.398204000000000065e+02
1.384200999999999908e+02
1.368617999999999881e+02
1.360637000000000114e+02
1.358245000000000005e+02
1.364121000000000095e+02
1.367909999999999968e+02
1.369322999999999979e+02
1.370018000000000029e+02
1.370579999999999927e+02
1.368771000000000129e+02
1.367920000000000016e+02
1.368785000000000025e+02
1.373773999999999944e+02
1.373072999999999979e+02
1.371987000000000023e+02
1.369916000000000054e+02
1.374764000000000124e+02
1.380747000000000071e+02
1.387597000000000094e+02
1.389022999999999968e+02
1.384213000000000022e+02
1.375294000000000096e+02
1.364540000000000077e+02
1.355492000000000132e+02
1.347539999999999907e+02
1.345021999999999878e+02
1.346624999999999943e+02
1.347900999999999954e+02
1.346895000000000095e+02
1.343238000000000056e+02
1.339302000000000135e+02
1.335572999999999979e+02
1.333346999999999980e+02
1.332177000000000078e+02
1.329716999999999985e+02
1.326790000000000020e+02
1.322367000000000132e+02
1.315959000000000003e+02
1.310586000000000126e+02
1.305304999999999893e+02
1.305512999999999977e+02
1.308743000000000052e+02
1.314087000000000103e+02
1.322561000000000035e+02
1.335789000000000044e+02
1.350148000000000081e+02
1.363353999999999928e+02
1.372889999999999873e+02
1.376177999999999884e+02
1.374463000000000079e+02
1.369725999999999999e+02
1.362484000000000037e+02
1.353703999999999894e+02
1.345560000000000116e+02
1.336015999999999906e+02
1.323548999999999864e+02
1.312898000000000138e+02
1.303427000000000078e+02
1.295218000000000131e+02
1.288607000000000085e+02
1.283722999999999956e+02
1.281031999999999869e+02
1.283040000000000020e+02
1.289802999999999997e+02
1.299952999999999861e+02
1.311223999999999990e+02
1.322675999999999874e+02
1.332817000000000007e+02
1.341246999999999900e+02
1.346964999999999861e+02
1.356042999999999950e+02
1.365783000000000129e+02
1.377161000000000115e+02
1.387728999999999928e+02
1.395378000000000043e+02
1.397827000000000055e+02
1.398806999999999903e+02
1.398845000000000027e+02
1.397179999999999893e+02
1.392364000000000033e+02
1.384792999999999950e+02
1.379368000000000052e+02
1.377031000000000063e+02
1.376096000000000004e+02
1.373198999999999899e+02
1.369072999999999922e+02
1.366593000000000018e+02
1.364190999999999860e+02
1.365586999999999875e+02
1.371880999999999915e+02
1.377489999999999952e+02
1.383567999999999927e+02
1.387273999999999887e+02
1.391954000000000065e+02
1.394253999999999962e+02
